3.9343538676190555 86.31769178457147 14.042182708189003 8.225455386435067 3.2462890625000007
3.9343538676190555 86.31769178457147 14.042182708189003 8.225455386435067 3.2462890625000007
5.0588132847913485 127.30092051528914 6.7000472839592815 4.858178804106476 3.5001219272613397
3.709084854603438 110.07856970943631 14.511362536737408 8.894098845537908 2.788415527343723
5.500872070590458 105.96760303997053 14.955273074070721 3.547685554061409 1.3624373435974135
4.844485227382253 71.99284048341957 13.979661387448122 5.717403083283672 0.7506468772888155
3.5887865820642073 125.5069747725297 16.12456804365238 9.677831808520091 1.3747733116149732
4.657612712261328 94.25652501249999 9.021386959180356 5.850840328839443 1.4441013336181427
3.8674107361669927 76.158777594245 19.33146777049683 8.314343356370731 1.284320449829103
3.9079796068949975 81.6685060847806 15.622067045702165 8.362824982058777 0.36175909042358967
3.7402384557216095 88.21010006408527 19.20559932510803 8.856727703694636 1.8389412879943876
4.731160717211038 83.26010508898989 10.3263907300733 6.167347723656513 3.7558218002319315
5.2660991464514755 123.68721547318592 8.9956255855818 4.298577698084434 2.4783807754516474
4.4222283809835305 135.26963492368444 4.454582722374915 6.252621830898971 3.2200010299682056
4.0577301710512 128.35204039208116 6.482764533206465 7.334276101038469 0.38545684814451775
5.095700083070431 89.54038230410495 11.971231166320868 4.949056396644573 1.001799440383902
5.322851446575588 135.26136371544405 8.402527467515657 4.138897317704431 2.975360488891603
5.079161646463592 127.85174540714584 7.162532084019154 4.504195151158805 0.2617881774902351
4.603067026406999 124.65497750761867 4.4389257934691635 6.437050673538343 3.8683606147766127
3.535255940901858 128.621457924036 17.342269702517864 10.230659137549697 2.9243347167968636
3.944197982621822 99.71142125853325 11.255086689601818 7.876395505091932 2.1892826557159246
5.007810504808418 118.50131090056868 6.612569405226222 5.391440429727248 3.591159057617192
3.478755885852043 126.52698271996113 22.469411995396342 10.776463223636316 0.8130499839782672
5.393654478657796 91.93964499196203 15.736836524566051 3.983398679560686 0.36600589752197266
5.298165843516925 90.02552822085865 13.75382618571837 4.744947175310179 2.0618536949157686
4.596226444895624 70.84213841946517 13.096531821504568 6.48453400363927 3.709014892578125
4.071721420910319 98.03786539972157 10.376217993056287 7.34463868250368 2.3700743675231593
5.274948246926766 113.64152661983343 9.311958173106675 4.864466751671347 1.4745600700378425
4.657285826590679 111.18912928400448 6.500468231892555 5.946505103571577 3.6188591480254892
4.757132975117277 136.01532811900915 4.291007739049698 5.774479758552159 3.6767037391662605
5.433537772651668 86.86009339139754 17.44538987649296 3.991174116097829 1.275024127960208
4.491250750598151 107.33079441677611 7.251011880368265 6.156398181610059 0.9378540039062244
4.506987209615932 111.30204453174638 6.2258963394252245 6.451829950977457 2.2715377807617045
4.137332637623701 133.33598154574042 5.638661025119451 6.9457371071631835 0.25208930969236576
4.26125076053518 131.44991750081738 4.439256839694449 7.038376422231603 3.8355978965759263
5.57121026834215 103.7428481221809 17.831020861187945 2.7575772913786545 0.8238003730773897
5.084454075777313 122.34864183312567 6.952343247411777 5.133885790960524 3.3363962173461914
4.7460834946698975 119.1839337056107 6.277111092697367 5.4227388053933945 1.2780575752258017
5.530028855030946 128.61902103293443 13.051356088944047 2.731388501914807 3.478789997100826
5.24357074150466 98.85853125997878 10.972581457919114 5.096163858962872 0.15524868965148997
5.5098158629686305 120.44171577387098 13.929820678152897 2.8146587482427883 0.2433643341064453
5.1946242557529505 106.01839428636535 9.558205628624824 5.092001042736357 0.008876800537109375
3.6072420355670043 115.96502620018569 17.412129500675583 9.63397835136644 0.25576086044310387
5.559766803569302 127.00439479148542 13.504323005392225 2.948083727400861 2.5797792911529562
4.650766791597149 80.46958124346028 10.678146551332091 6.426778613568425 3.2008361816406214
3.4795050976116046 127.10991326321263 21.89354202412484 10.929624427028976 2.1490234374999986
3.935623629986426 116.57608650586559 8.03478425899758 8.110912963854247 3.2534265995025677
