1.799253501437901 131.54634791203057 18.477918777606714 5.827709395222806 2.7685546398162906
1.4349480475170429 86.62105538451311 32.92829399012263 2.1343812859010485 1.3348815917968864
2.2102819696467924 97.80185675058938 30.898691054630472 7.546692592385971 1.3845590591430224
1.3481489749812645 89.66661000276665 32.776282901153536 1.6056742782232778 0.9858788490295325
1.49241390138875 127.59738051834309 21.924349925666306 1.7880381090558506 0.6220367431637754
2.455043683865151 125.76237914013234 29.649931207393415 9.714758410821 2.211879444122303
1.505089244427581 109.06223861375497 25.362852364534174 2.4458462097902722 2.0467042922972922
1.330952791091986 103.68747507338398 29.777066349588466 0.41657178259890637 2.672967433929415
2.11141635451368 87.44585394736045 33.234636107981856 7.17384225461864 1.6431872367858773
1.8094888409764527 79.7280922005223 33.611642105307496 5.7089198152445055 2.258185768127433
1.8816594715919253 115.45116090607809 22.19110160622955 5.866121499396473 2.702529764175381
2.053221418478274 87.20714877607108 32.17389348380691 6.5659975865784 0.11192283630371236
2.0846894654520014 108.57837223960478 25.50752226852337 7.240509620125302 2.343085861206042
1.3735224172313587 85.19386978879913 34.09586485401071 2.142711650833163 2.4225997924804474
1.4565060044378422 108.51633725809145 25.708378086003872 2.169254999534086 0.7927841186522997
2.13609459179217 108.72296572649931 26.153282763921695 7.010306536707578 1.719318199157641
2.4122731644112454 110.35158686892788 32.96966781973656 9.199486240460908 1.0184921264648423
1.4420793642452336 85.18418313723089 33.30868207471439 2.3394478219130823 1.3422416687011491
1.630741623895029 121.66011284005172 21.567590727669863 3.408954236521994 1.9804069519040723
1.9394080161964025 114.5498213737918 22.726336673975997 6.032455547238367 2.570445537567089
2.512356426184652 138.560619465917 28.46685779381839 10.133151475277668 2.0500708580017033
1.3973856011501395 130.03750200640968 23.170873632374395 0.579392269390475 2.562836265563874
1.6521251956188077 105.1906095754334 24.711735434416354 3.9231886169325856 1.039807128906105
1.9987694287338018 116.62849001592429 22.498386628315053 6.903499177680846 1.9340270519256642
1.663129200752003 107.50567646486536 24.04835254971211 4.604171252998486 2.1769321918487208
1.5536803916460025 88.76170555054264 30.155687941595325 3.609830917036428 0.40528450012207884
1.3991078208932035 97.09533401331642 30.864568638751223 0.6173240339699668 1.1591326713561756
1.57642143710983 124.18091969332384 21.498216787045394 2.80931507610246 0.4455505371090993
1.7539642085223583 88.5761313946243 30.00572624298456 5.1122115445906555 0.8322206497192397
1.5300561475819223 112.62293648404209 23.807337757286984 3.277848488270281 2.2020074844359883
1.6423350975441235 113.83900625502373 23.068438753165637 3.413022477841708 0.4094177246091064
1.5115095844622495 96.28358371337995 28.786995640077258 2.5031594873555068 1.0924888610839503
2.121257677616904 125.50140648445995 21.616162825702162 6.9150787910693445 0.743226623534909
1.93871900902415 123.19228264301412 20.901644664565083 5.873548568383486 1.8420835494994634
1.361593673573298 129.65797696333414 21.662974173620825 2.7362297184953333 0.7133572101592982
2.5302907295335775 120.62130241033216 34.77818549356138 10.14033017131161 0.8391344070434386
2.1480019936724783 117.89411097004292 23.804648277815843 7.794175086639765 2.5875318527221722
1.8924027783325836 137.27622778109316 17.782420722124428 6.027640084951428 2.5350372314452905
1.3715308104954098 106.76055892546914 27.28117555278021 2.096675459899139 1.9552562236785676
1.411203283902701 103.15245535448054 29.232701431073664 0.4063480150442573 0.4960876464843551
1.341469385800539 118.8336590722994 24.982255387147436 1.6299018765041715 2.904626941680906
1.532960755562034 97.84899693971788 27.969319990901376 3.0833663071106994 1.244317245483387
2.0445988899709655 96.21476887513334 28.84034409471391 6.408029657326472 1.1588821411132315
1.5618519754363804 94.36935806009727 28.709643373714464 3.628960754562286 0.6678740501403908
1.7835855317304408 104.3066065314695 24.988618355694523 4.84673305924334 1.7198242187499417
1.8531632424392914 107.18831131512562 24.27964107505482 5.393184803920894 2.1392272949218167
1.3568735797075089 111.75776505236371 25.629064413345958 2.5955577805599614 1.602776241302493
1.3017156784263013 91.22654007307591 32.692550072852015 2.0560589306661283 0.6433089733123794
1.4628978799091892 123.05771689191945 21.76488856897437 3.552492421194334 2.0822014808654785
2.455936110881793 114.37006227565972 33.30577666997593 9.568892378993949 1.7034310340881191
2.179838630165474 100.96694501848029 29.380297726416124 7.46458520259084 1.7934765815734508
1.6864645618088958 93.13679059657424 28.422694559156177 4.579029139765284 1.7297493934631092
1.6359248658539582 104.13918762893519 24.93317033585908 4.910032657305472 0.22179546356201385
2.3305544696001115 111.24823771882438 29.782710061088583 8.772303649276692 2.2171617984771643
1.6105891924732727 89.56490648130801 29.59774127419613 4.785872989676392 1.486943292617795
2.5056250119518477 115.33094364964656 34.54324082793638 9.617622895138746 0.24635982513427734
